shoe_width =

   23.5997


shoe_length =

    9.6821
